training_data = [
                 # Cross
                 (([.1, .1, .9, .1, .1],
                   [.1, .1, .9, .1, .1],
                   [.9, .9, .9, .9, .9],
                   [.1, .1, .9, .1, .1],
                   [.1, .1, .9, .1, .1]),
                   (.9, .1, .1, .1, .1, .1)),

                 # Dash
                 (([.1, .1, .1, .1, .1],
                   [.1, .1, .1, .1, .1],
                   [.9, .9, .9, .9, .9],
                   [.1, .1, .1, .1, .1],
                   [.1, .1, .1, .1, .1]),
                   (.1, .9, .1, .1, .1, .1)),

                 # Backslash
                 (([.9, .1, .1, .1, .1],
                   [.1, .9, .1, .1, .1],
                   [.1, .1, .9, .1, .1],
                   [.1, .1, .1, .9, .1],
                   [.1, .1, .1, .1, .9]),
                   (.1, .1, .9, .1, .1, .1)),

                 # Forward Slash
                 (([.1, .1, .1, .1, .9],
                   [.1, .1, .1, .9, .1],
                   [.1, .1, .9, .1, .1],
                   [.1, .9, .1, .1, .1],
                   [.9, .1, .1, .1, .1]),
                   (.1, .1, .1, .9, .1, .1)),

                 # X
                 (([.9, .1, .1, .1, .9],
                   [.1, .9, .1, .9, .1],
                   [.1, .1, .9, .1, .1],
                   [.1, .9, .1, .9, .1],
                   [.9, .1, .1, .1, .9]),
                   (.1, .1, .1, .1, .9, .1))

                 # Vertical Line
                 (([.1, .1, .9, .1, .1],
                   [.1, .1, .9, .1, .1],
                   [.1, .1, .9, .1, .1],
                   [.1, .1, .9, .1, .1],
                   [.1, .1, .9, .1, .1]),
                   (.1, .1, .1, .1, .1, .9))
                 ]