Trains on all 6 -> Trains on all 7

Final Epoch:  2501
(([0.1, 0.1, 0.9, 0.1, 0.1], [0.1, 0.1, 0.9, 0.1, 0.1], [0.9, 0.9, 0.1, 0.9, 0.9], [0.1, 0.1, 0.9, 0.1, 0.1], [0.1, 0.1, 0.9, 0.1, 0.1]), array([[ 0.90556176],
       [ 0.10039258],
       [ 0.064808  ],
       [ 0.08102565],
       [ 0.13101682],
       [ 0.10847957]]))
(([0.1, 0.1, 0.1, 0.1, 0.1], [0.1, 0.1, 0.9, 0.1, 0.1], [0.9, 0.9, 0.1, 0.9, 0.9], [0.1, 0.1, 0.1, 0.1, 0.1], [0.1, 0.1, 0.1, 0.1, 0.1]), array([[ 0.22424414],
       [ 0.72609448],
       [ 0.03721568],
       [ 0.07179617],
       [ 0.21041188],
       [ 0.1313787 ]]))
(([0.9, 0.1, 0.1, 0.1, 0.1], [0.1, 0.9, 0.1, 0.1, 0.1], [0.1, 0.1, 0.1, 0.9, 0.1], [0.1, 0.1, 0.1, 0.9, 0.1], [0.1, 0.1, 0.1, 0.1, 0.9]), array([[ 0.14432107],
       [ 0.17444646],
       [ 0.56539969],
       [ 0.02312049],
       [ 0.23736691],
       [ 0.07904389]]))
(([0.1, 0.1, 0.1, 0.1, 0.9], [0.1, 0.9, 0.1, 0.9, 0.1], [0.1, 0.1, 0.1, 0.1, 0.1], [0.1, 0.9, 0.1, 0.1, 0.1], [0.9, 0.1, 0.1, 0.1, 0.1]), array([[ 0.1553799 ],
       [ 0.0835328 ],
       [ 0.05015149],
       [ 0.65034142],
       [ 0.36749061],
       [ 0.0551276 ]]))
(([0.9, 0.1, 0.1, 0.1, 0.9], [0.1, 0.9, 0.1, 0.9, 0.1], [0.1, 0.1, 0.1, 0.1, 0.1], [0.1, 0.9, 0.1, 0.9, 0.1], [0.9, 0.1, 0.1, 0.1, 0.9]), array([[ 0.12394954],
       [ 0.08679179],
       [ 0.05768016],
       [ 0.07897839],
       [ 0.93339902],
       [ 0.09160314]]))
(([0.1, 0.1, 0.9, 0.1, 0.1], [0.1, 0.1, 0.9, 0.1, 0.1], [0.1, 0.1, 0.1, 0.1, 0.1], [0.1, 0.1, 0.9, 0.1, 0.1], [0.1, 0.1, 0.9, 0.1, 0.1]), array([[ 0.12336162],
       [ 0.07851468],
       [ 0.05306002],
       [ 0.0786563 ],
       [ 0.14616086],
       [ 0.88700679]]))


Final Epoch:  3001
(([0.1, 0.1, 0.9, 0.1, 0.1], [0.1, 0.1, 0.9, 0.1, 0.1], [0.9, 0.9, 0.1, 0.9, 0.9], [0.1, 0.1, 0.9, 0.1, 0.1], [0.1, 0.1, 0.9, 0.1, 0.1]), array([[ 0.90556176],
       [ 0.10039258],
       [ 0.064808  ],
       [ 0.08102565],
       [ 0.13101682],
       [ 0.10847957]]))
(([0.1, 0.1, 0.1, 0.1, 0.1], [0.1, 0.1, 0.9, 0.1, 0.1], [0.9, 0.9, 0.1, 0.9, 0.9], [0.1, 0.1, 0.1, 0.1, 0.1], [0.1, 0.1, 0.1, 0.1, 0.1]), array([[ 0.22424414],
       [ 0.72609448],
       [ 0.03721568],
       [ 0.07179617],
       [ 0.21041188],
       [ 0.1313787 ]]))
(([0.9, 0.1, 0.1, 0.1, 0.1], [0.1, 0.9, 0.1, 0.1, 0.1], [0.1, 0.1, 0.1, 0.9, 0.1], [0.1, 0.1, 0.1, 0.9, 0.1], [0.1, 0.1, 0.1, 0.1, 0.9]), array([[ 0.14432107],
       [ 0.17444646],
       [ 0.56539969],
       [ 0.02312049],
       [ 0.23736691],
       [ 0.07904389]]))
(([0.1, 0.1, 0.1, 0.1, 0.9], [0.1, 0.9, 0.1, 0.9, 0.1], [0.1, 0.1, 0.1, 0.1, 0.1], [0.1, 0.9, 0.1, 0.1, 0.1], [0.9, 0.1, 0.1, 0.1, 0.1]), array([[ 0.1553799 ],
       [ 0.0835328 ],
       [ 0.05015149],
       [ 0.65034142],
       [ 0.36749061],
       [ 0.0551276 ]]))
(([0.9, 0.1, 0.1, 0.1, 0.9], [0.1, 0.9, 0.1, 0.9, 0.1], [0.1, 0.1, 0.1, 0.1, 0.1], [0.1, 0.9, 0.1, 0.9, 0.1], [0.9, 0.1, 0.1, 0.1, 0.9]), array([[ 0.12394954],
       [ 0.08679179],
       [ 0.05768016],
       [ 0.07897839],
       [ 0.93339902],
       [ 0.09160314]]))
(([0.1, 0.1, 0.9, 0.1, 0.1], [0.1, 0.1, 0.9, 0.1, 0.1], [0.1, 0.1, 0.1, 0.1, 0.1], [0.1, 0.1, 0.9, 0.1, 0.1], [0.1, 0.1, 0.9, 0.1, 0.1]), array([[ 0.12336162],
       [ 0.07851468],
       [ 0.05306002],
       [ 0.0786563 ],
       [ 0.14616086],
       [ 0.88700679]]))

________________________________________________________________________________________________________________________

Trains on all 6 -> Trains on JUST 7

250 EPOCHS

Final Epoch:  4001
(([0.1, 0.1, 0.9, 0.1, 0.1], [0.1, 0.1, 0.9, 0.1, 0.1], [0.9, 0.9, 0.1, 0.9, 0.9], [0.1, 0.1, 0.9, 0.1, 0.1], [0.1, 0.1, 0.9, 0.1, 0.1]), array([[ 0.93874452],
       [ 0.09148543],
       [ 0.08114344],
       [ 0.13411801],
       [ 0.08354272],
       [ 0.06915213]]))
(([0.1, 0.1, 0.1, 0.1, 0.1], [0.1, 0.1, 0.9, 0.1, 0.1], [0.9, 0.9, 0.1, 0.9, 0.9], [0.1, 0.1, 0.1, 0.1, 0.1], [0.1, 0.1, 0.1, 0.1, 0.1]), array([[ 0.52816379],
       [ 0.67035119],
       [ 0.07856734],
       [ 0.15140028],
       [ 0.1148238 ],
       [ 0.06953989]]))
(([0.9, 0.1, 0.1, 0.1, 0.1], [0.1, 0.9, 0.1, 0.1, 0.1], [0.1, 0.1, 0.1, 0.9, 0.1], [0.1, 0.1, 0.1, 0.9, 0.1], [0.1, 0.1, 0.1, 0.1, 0.9]), array([[ 0.38749253],
       [ 0.15548272],
       [ 0.8112931 ],
       [ 0.03665267],
       [ 0.20828162],
       [ 0.04500673]]))
(([0.1, 0.1, 0.1, 0.1, 0.9], [0.1, 0.9, 0.1, 0.9, 0.1], [0.1, 0.1, 0.1, 0.1, 0.1], [0.1, 0.9, 0.1, 0.1, 0.1], [0.9, 0.1, 0.1, 0.1, 0.1]), array([[ 0.2416664 ],
       [ 0.09093789],
       [ 0.05825407],
       [ 0.71942829],
       [ 0.23507626],
       [ 0.09793698]]))
(([0.9, 0.1, 0.1, 0.1, 0.9], [0.1, 0.9, 0.1, 0.9, 0.1], [0.1, 0.1, 0.1, 0.1, 0.1], [0.1, 0.9, 0.1, 0.9, 0.1], [0.9, 0.1, 0.1, 0.1, 0.9]), array([[ 0.16870379],
       [ 0.10026881],
       [ 0.09041123],
       [ 0.09058563],
       [ 0.91887305],
       [ 0.10165921]]))
(([0.1, 0.1, 0.9, 0.1, 0.1], [0.1, 0.1, 0.9, 0.1, 0.1], [0.1, 0.1, 0.1, 0.1, 0.1], [0.1, 0.1, 0.9, 0.1, 0.1], [0.1, 0.1, 0.9, 0.1, 0.1]), array([[ 0.19085617],
       [ 0.08440109],
       [ 0.08837224],
       [ 0.11777515],
       [ 0.08921233],
       [ 0.87151767]]))


Final Epoch:  250
(([0.1, 0.1, 0.9, 0.1, 0.1], [0.1, 0.1, 0.9, 0.1, 0.1], [0.9, 0.9, 0.1, 0.9, 0.9], [0.1, 0.1, 0.9, 0.1, 0.1], [0.1, 0.1, 0.9, 0.1, 0.1]), array([[ 0.93874452],
       [ 0.09148543],
       [ 0.08114344],
       [ 0.13411801],
       [ 0.08354272],
       [ 0.06915213]]))
(([0.1, 0.1, 0.1, 0.1, 0.1], [0.1, 0.1, 0.9, 0.1, 0.1], [0.9, 0.9, 0.1, 0.9, 0.9], [0.1, 0.1, 0.1, 0.1, 0.1], [0.1, 0.1, 0.1, 0.1, 0.1]), array([[ 0.52816379],
       [ 0.67035119],
       [ 0.07856734],
       [ 0.15140028],
       [ 0.1148238 ],
       [ 0.06953989]]))
(([0.9, 0.1, 0.1, 0.1, 0.1], [0.1, 0.9, 0.1, 0.1, 0.1], [0.1, 0.1, 0.1, 0.9, 0.1], [0.1, 0.1, 0.1, 0.9, 0.1], [0.1, 0.1, 0.1, 0.1, 0.9]), array([[ 0.38749253],
       [ 0.15548272],
       [ 0.8112931 ],
       [ 0.03665267],
       [ 0.20828162],
       [ 0.04500673]]))
(([0.1, 0.1, 0.1, 0.1, 0.9], [0.1, 0.9, 0.1, 0.9, 0.1], [0.1, 0.1, 0.1, 0.1, 0.1], [0.1, 0.9, 0.1, 0.1, 0.1], [0.9, 0.1, 0.1, 0.1, 0.1]), array([[ 0.2416664 ],
       [ 0.09093789],
       [ 0.05825407],
       [ 0.71942829],
       [ 0.23507626],
       [ 0.09793698]]))
(([0.9, 0.1, 0.1, 0.1, 0.9], [0.1, 0.9, 0.1, 0.9, 0.1], [0.1, 0.1, 0.1, 0.1, 0.1], [0.1, 0.9, 0.1, 0.9, 0.1], [0.9, 0.1, 0.1, 0.1, 0.9]), array([[ 0.16870379],
       [ 0.10026881],
       [ 0.09041123],
       [ 0.09058563],
       [ 0.91887305],
       [ 0.10165921]]))
(([0.1, 0.1, 0.9, 0.1, 0.1], [0.1, 0.1, 0.9, 0.1, 0.1], [0.1, 0.1, 0.1, 0.1, 0.1], [0.1, 0.1, 0.9, 0.1, 0.1], [0.1, 0.1, 0.9, 0.1, 0.1]), array([[ 0.19085617],
       [ 0.08440109],
       [ 0.08837224],
       [ 0.11777515],
       [ 0.08921233],
       [ 0.87151767]]))