0.55371
0.03223
0.06982
0.26611
0.03687
0.04443
0.12622
0.00366
0.15942
0.56396
0.68701

0.92236
0.09326
0.11499
0.32544
0.0603
0.07373
0.19873
0.10254
0.21191
0.57324
0.75024

0.54858
0.37427
0.39941
0.3501
0.05225
0.17798
0.60889
0.3772
0.27197
0.56445
0.74902

0.56079
0.27954
0.40698
0.39111
0.06812
0.3645
0.63721
0.42212
0.32129
0.5647
0.74707

0.55005
0.354
0.59473
0.40112
0.08252
0.22876
0.80615
0.52637
0.29834
0.5647
0.74878

0.5769
0.29907
0.40015
0.36597
0.05859
0.24805
0.60913
0.37085
0.28564
0.56445
0.73999

0.59644
0.20996
0.34912
0.4209
0.08936
0.55396
0.5166
0.33228
0.33423
0.56445
0.71997

0.81836
0.2876
0.31567
0.36548
0.07007
0.4873
0.50122
0.31006
0.27905
0.56445
0.73975

0.76758
0.31201
0.38135
0.38916
0.07495
0.2478
0.60498
0.36597
0.2854
0.56519
0.7312

0.83643
0.19434
0.2146
0.302
0.05078
0.10059
0.37988
0.19019
0.19312
0.5647
0.72778

0.72656
0.29419
0.32764
0.33276
0.04883
0.14355
0.61963
0.37012
0.23169
0.56396
0.7229

0.5498
0.46558
0.43335
0.34814
0.0625
0.15039
0.69556
0.44556
0.24634
0.56445
0.74438

0.85498
0.43921
0.39453
0.33691
0.06006
0.13599
0.63159
0.41479
0.23657
0.56494
0.74463

0.5625
0.32935
0.47485
0.38501
0.05835
0.17114
0.72778
0.45557
0.27197
0.56421
0.73218

0.88208
0.26099
0.34058
0.33276
0.05225
0.13281
0.55444
0.31616
0.22803
0.56421
0.73657

0.87354
0.22339
0.21826
0.31128
0.04932
0.09937
0.40527
0.20435
0.2019
0.56421
0.72144

0.87573
0.13989
0.23657
0.32373
0.06421
0.33667
0.41895
0.22339
0.22607
0.56445
0.73853

0.90112
0.30396
0.3916
0.35352
0.05811
0.17822
0.62524
0.39014
0.24634
0.5647
0.75537

0.85596
0.22363
0.24268
0.31104
0.05615
0.1145
0.41504
0.20898
0.20166
0.56445
0.72583

0.80127
0.12378
0.21265
0.33569
0.06226
0.34888
0.35596
0.17505
0.2312
0.56421
0.7334

0.55566
0.55371
0.5293
0.38965
0.07031
0.21021
0.83228
0.54248
0.28076
0.56396
0.73511

0.90771
0.23486
0.25952
0.32275
0.06543
0.18677
0.42651
0.22827
0.22925
0.56445
0.73438

0.552
0.37939
0.58276
0.42603
0.06152
0.21655
0.84546
0.54907
0.30322
0.56421
0.72803

0.56226
0.20386
0.40527
0.43091
0.08545
0.67993
0.63428
0.4021
0.354
0.56421
0.73315

0.77002
0.28052
0.35254
0.34644
0.073
0.22583
0.55127
0.32275
0.25952
0.56519
0.75269

0.76855
0.36035
0.45093
0.4043
0.05151
0.19116
0.75293
0.47046
0.30151
0.56445
0.73706

0.88037
0.22217
0.19336
0.30054
0.04956
0.08716
0.3269
0.15186
0.19336
0.56445
0.72681

0.87354
0.29272
0.26978
0.33154
0.05249
0.12402
0.51758
0.28174
0.21509
0.56445
0.7251

0.8833
0.12329
0.38354
0.55054
0.06128
0.4856
0.6333
0.4314
0.49365
0.5647
0.68652

0.87866
0.16528
0.26416
0.35278
0.07275
0.48877
0.41577
0.22681
0.25269
0.56421
0.73608

0.55371
0.60205
0.64771
0.4043
0.073
0.22363
0.93555
0.59961
0.31641
0.56445
0.73438

0.8125
0.28369
0.31885
0.34497
0.06006
0.16528
0.52734
0.30859
0.2478
0.56519
0.729

0.54858
0.41333
0.6582
0.46997
0.06348
0.28418
0.93481
0.60938
0.33789
0.56421
0.72803

0.82397
0.41846
0.45361
0.3501
0.05225
0.17798
0.75757
0.46289
0.27197
0.56445
0.7439

0.57031
0.32056
0.51855
0.45728
0.06958
0.32324
0.75635
0.51221
0.39673
0.5647
0.74902

0.59644
0.24902
0.43262
0.50195
0.10986
0.61353
0.58545
0.39673
0.42798
0.56445
0.7251

0.81836
0.31494
0.38623
0.38916
0.07495
0.25879
0.62207
0.39185
0.28711
0.56519
0.7312

0.76465
0.36328
0.51831
0.46338
0.08789
0.40454
0.74976
0.49756
0.36035
0.58569
0.73633

0.55005
0.60132
0.64771
0.42896
0.073
0.23364
0.94238
0.61157
0.31445
0.56396
0.73438

0.573
0.74951
0.64697
0.42529
0.09399
0.32739
0.90503
0.60083
0.34497
0.56592
0.74878

0.59912
0.33545
0.46729
0.38843
0.05444
0.30859
0.79272
0.50586
0.30225
0.56396
0.73657

0.56079
0.36841
0.5752
0.52075
0.09741
0.45483
0.82153
0.56396
0.48145
0.56519
0.74707

0.80322
0.32886
0.44775
0.38647
0.05273
0.22681
0.77441
0.4978
0.29785
0.56396
0.73828

0.5498
0.57495
0.56274
0.46289
0.07031
0.25366
0.87476
0.5564
0.32104
0.56494
0.74438

0.83008
0.16626
0.30396
0.36182
0.07104
0.5481
0.5166
0.30103
0.27368
0.56494
0.73853

0.86084
0.35474
0.54639
0.42725
0.06055
0.20044
0.81519
0.52295
0.30396
0.56445
0.73389

0.85596
0.30884
0.37549
0.36597
0.06201
0.22119
0.60107
0.37573
0.2688
0.56519
0.72583

0.854
0.52173
0.49072
0.37378
0.06714
0.17261
0.78687
0.50635
0.26611
0.56445
0.74463

0.91187
0.28735
0.34155
0.37134
0.07129
0.2168
0.55518
0.35107
0.26636
0.56738
0.73438

0.78711
0.36304
0.5376
0.46167
0.06836
0.2793
0.80664
0.52979
0.36401
0.56543
0.74902

0.77515
0.41602
0.52344
0.42725
0.05151
0.26489
0.8313
0.53369
0.33179
0.56445
0.73975

0.59644
0.51758
0.75854
0.87085
0.28369
0.91528
0.91821
0.73218
0.84497
0.57397
0.71997

0.8125
0.33838
0.40552
0.39282
0.0625
0.25977
0.63428
0.3916
0.2937
0.56567
0.73779

0.55371
0.94482
0.99976
0.77637
0.1958
0.94824
0.99976
0.83374
0.70605
0.59961
0.77856

0.54858
0.51611
0.82666
0.6543
0.06519
0.55298
0.99976
0.73218
0.48096
0.56421
0.72803

0.76465
0.3457
0.41772
0.41895
0.07983
0.53149
0.63037
0.40234
0.35376
0.56519
0.73779

0.5498
0.97168
0.99976
0.83179
0.34888
0.84839
0.99976
0.84448
0.72363
0.56812
0.74438

0.573
0.85156
0.80615
0.52197
0.11182
0.51465
0.99976
0.69385
0.44287
0.56592
0.74878

0.59912
0.40942
0.58984
0.427
0.05786
0.6792
0.93042
0.60938
0.35938
0.56519
0.73999

0.83008
0.32373
0.45508
0.42505
0.08447
0.5376
0.69434
0.46997
0.36499
0.5647
0.75732

0.55298
0.80298
0.8999
0.65918
0.11865
0.61938
0.99976
0.75342
0.50562
0.56421
0.73511

0.55957
0.73438
0.79248
0.5061
0.10156
0.39844
0.99976
0.67603
0.36865
0.56421
0.74023

0.90698
0.26343
0.34814
0.35815
0.0603
0.17676
0.56055
0.33325
0.25952
0.56519
0.72656

0.85767
0.19946
0.33325
0.40918
0.08618
0.61646
0.5166
0.31592
0.3208
0.5647
0.73535

0.56079
0.47217
0.77124
0.68823
0.12036
0.81348
0.98779
0.73218
0.67627
0.56616
0.74707

0.75
0.34717
0.50464
0.54199
0.13477
0.7644
0.66504
0.47192
0.5144
0.56567
0.7417

0.76465
0.58643
0.60498
0.51978
0.09888
0.48804
0.87329
0.58862
0.42114
0.71167
0.75244

0.77344
0.48315
0.61523
0.6355
0.12158
0.8689
0.86279
0.6123
0.58081
0.59424
0.74512

0.85596
0.38501
0.50171
0.44238
0.0686
0.36719
0.74976
0.47876
0.33618
0.57886
0.7356

0.8125
0.53418
0.65674
0.49829
0.07642
0.59521
0.91406
0.62231
0.43408
0.70093
0.75171

0.81836
0.44653
0.48315
0.44629
0.10645
0.61792
0.71777
0.46997
0.38965
0.57471
0.75146

0.82788
0.36035
0.45093
0.41162
0.05737
0.19727
0.75293
0.47046
0.30151
0.56519
0.74341

0.0
0.0
0.0
0.0
0.0
1.0

0.0
0.0
0.0
1.0
0.0
0.0

1.0
0.0
0.0
0.0
0.0
0.0

0.0
1.0
0.0
0.0
0.0
0.0

0.0
0.0
0.0
0.0
1.0
0.0

0.0
0.0
1.0
0.0
0.0
0.0

0.0
0.0
1.0
0.0
0.0
1.0

0.0
0.0
1.0
1.0
0.0
0.0

0.0
0.0
1.0
0.0
1.0
0.0

0.0
0.0
0.0
1.0
0.0
1.0

